100025
100026
100027
100028
100029
100035
100036
100037
100038
100039
100041
100042
100043
100046
100069
100070
100071
100074
100076
100078
100079
100080
100081
100085
100086
100087
100107
100108
100109
100110
100111
100112
100113
100114
100115
100116
100117
100118
100119
100120
100121
100122
100123
100124
100125
100126
100128
100129
100130
100131
100132
100134
100135
100137
100138
100139
100140
100141
100143
100144
100145
100147
100148
100149
100151
100152
100153
100155
100156
100157
100161
100162
100169
100170
100173
100174
100175
100177
100186
100187
100188
100196
100197
100198
100199
100200
100201
100202
100204
100207
100211
100218
100219
100220
100221
100223
100224
100227
100228
100229
100230
100231
100232
100233
100234
100235
100236
100237
100238
100243
100244
100245
100246
100247
100248
100249
100251
100252
100253
100254
100255
100256
100257
100258
100259
100269
100270
100276
100277
100278
100279
100280
100282
100283
100284
100285
100286
100288
100289
100290
100291
100292
100293
100301
100302
100303
100304
100305
100307
100311
100313
100316
100318
100319
100320
100323
100325
100327
100328
100334
100336
100337
100338
100353
100354
100355
100356
100360
100361
100364
100368
100370
100372
100373
100374
100375
100376
100377
100378
100379
100381
100383
100388
100389
100390
100391
100393
100394
100395
100400
100403
100404
100405
100406
100407
100408
100409
100410
100411
100415
100417
100418
100423
100424
100425
100426
100429
100430
100431
100432
100433
100442
100443
100444
100445
100446
100447
100448
100451
100454
100455
100456
100459
100460
100461
100462
100463
100469
100472
100475
100477
100478
100479
100480
100481
100482
100483
100484
100486
100487
100488
100494
100496
100497
100499
100502
100678
