100026
100027
100028
100029
100033
100035
100036
100037
100038
100039
100041
100042
100069
100070
100071
100073
100074
100075
100076
100078
100079
100080
100081
100107
100108
100109
100110
100111
100112
100114
100115
100116
100117
100118
100119
100120
100121
100122
100123
100124
100125
100126
100128
100129
100130
100131
100132
100133
100135
100137
100138
100139
100141
100143
100144
100146
100147
100148
100149
100151
100152
100153
100154
100155
100156
100157
100158
100161
100162
100169
100170
100173
100174
100177
100186
100188
100196
100197
100198
100199
100201
100202
100204
100207
100212
100218
100219
100220
100221
100223
100224
100227
100228
100231
100232
100233
100234
100235
100236
100237
100238
100243
100244
100245
100246
100247
100248
100249
100251
100252
100253
100255
100256
100257
100261
100267
100269
100270
100276
100277
100278
100279
100280
100282
100283
100284
100285
100288
100289
100290
100291
100292
100293
100295
100299
100301
100302
100303
100304
100313
100316
100318
100319
100320
100323
100324
100327
100331
100334
100335
100337
100338
100353
100354
100355
100356
100360
100361
100364
100370
100372
100373
100374
100375
100383
100387
100388
100389
100390
100396
100400
100411
100415
100418
100423
100426
100429
100430
100431
100432
100433
100443
100444
100445
100446
100447
100448
100450
100451
100454
100455
100456
100459
100460
100461
100462
100463
100464
100469
100472
100475
100477
100478
100479
100480
100481
100482
100483
100484
100487
100488
100490
100494
100496
100497
100498
100499
100500
100503
100685
